r#   COL    LINE   COORDINATES
#     R    MAG    FLUX     SKY    PEAK    E   PA BETA ENCLOSED   MOFFAT DIRECT
 333.92  384.21 333.92 384.21
   8.53  16.77   1963.    0.88   140.4 0.25  -36 2.25     2.84     2.88   2.82
 374.86  121.12 374.86 121.12
   8.81  16.10   3647.    0.88   253.8 0.02  -35 2.24     3.00     3.03   2.94
 334.08   36.41  334.08 36.41
   9.23  15.61   5692.    0.88   372.3 0.17   62 1.61     3.12     3.01   3.08
 327.61   24.31  327.61 24.31
  28.17  15.40   6933.    0.88   95.56 1.09   56 1.33     6.76     2.60   4.18
 221.28   25.15  221.28 25.15
   9.42  17.43   1067.    1.88   65.39 1.08   68 7.66     3.75     3.29   3.24
 290.49  241.83 290.49 241.83
   9.43  12.61  90556.    5.88   5652. 0.04   80 3.42     3.13     3.22   3.14
   3.17  158.43   3.17 158.43
  11.26  16.51   2484.    2.88   98.73 0.22   82 4.71     4.13     4.28   3.7
